 0.00000000e+00  2.64771608e+05  0.00000000e+00  1.69376694e+05 
 1.00000000e-08  2.64771608e+05  1.00000000e-08  1.69376694e+05 
 2.00000000e-08  2.64771608e+05  2.00000000e-08  1.69376694e+05 
 4.00000000e-08  2.64771608e+05  4.00000000e-08  1.69376694e+05 
 8.00000000e-08  2.64771608e+05  8.00000000e-08  1.69376694e+05 
 1.60000000e-07  2.64771608e+05  1.60000000e-07  1.69376694e+05 
 3.20000000e-07  2.64771608e+05  3.20000000e-07  1.69376694e+05 
 6.40000000e-07  2.64771608e+05  6.40000000e-07  1.69376694e+05 
 1.00000000e-06  2.64771608e+05  1.00000000e-06  1.69376694e+05 
 1.00000010e-06  2.64771608e+05  1.00000010e-06  1.69376694e+05 
 1.00000030e-06  2.64771608e+05  1.00000030e-06  1.69376694e+05 
 1.00000070e-06  2.64771608e+05  1.00000070e-06  1.69376694e+05 
 1.00000100e-06  2.64771608e+05  1.00000100e-06  1.69376694e+05 
 1.00000108e-06  2.64771608e+05  1.00000108e-06  1.69376694e+05 
 1.00000124e-06  2.64771608e+05  1.00000124e-06  1.69376694e+05 
 1.00000156e-06  2.64771608e+05  1.00000156e-06  1.69376694e+05 
 1.00000220e-06  2.64771608e+05  1.00000220e-06  1.69376694e+05 
 1.00000348e-06  2.64771608e+05  1.00000348e-06  1.69376694e+05 
 1.00000604e-06  2.64771608e+05  1.00000604e-06  1.69376694e+05 
 1.00001116e-06  2.64771608e+05  1.00001116e-06  1.69376694e+05 
 1.00002140e-06  2.64771608e+05  1.00002140e-06  1.69376694e+05 
 1.00004188e-06  2.64771608e+05  1.00004188e-06  1.69376694e+05 
 1.00008284e-06  2.64771608e+05  1.00008284e-06  1.69376694e+05 
 1.00016476e-06  2.64771608e+05  1.00016476e-06  1.69376694e+05 
 1.00032860e-06  2.64771608e+05  1.00032860e-06  1.69376694e+05 
 1.00065628e-06  2.64771608e+05  1.00065628e-06  1.69376694e+05 
 1.00131164e-06  2.64771608e+05  1.00131164e-06  1.69376694e+05 
 1.00262236e-06  2.64771608e+05  1.00262236e-06  1.69376694e+05 
 1.00524380e-06  2.64771608e+05  1.00524380e-06  1.69376694e+05 
 1.01048668e-06  2.64771608e+05  1.01048668e-06  1.69376694e+05 
 1.01815203e-06  2.64771608e+05  1.01815203e-06  1.69376694e+05 
 1.02675003e-06  2.64771608e+05  1.02675003e-06  1.69376694e+05 
 1.04032777e-06  2.64771608e+05  1.04032777e-06  1.69376694e+05 
 1.06748326e-06  2.64771608e+05  1.06748326e-06  1.69376694e+05 
 1.12179424e-06  2.64771608e+05  1.12179424e-06  1.69376694e+05 
 1.23041620e-06  2.64771608e+05  1.23041620e-06  1.69376694e+05 
 1.44387756e-06  2.64771608e+05  1.44387756e-06  1.69376694e+05 
 1.49724290e-06  2.64771608e+05  1.49724290e-06  1.69376694e+05 
 1.60397358e-06  2.64771608e+05  1.60397358e-06  1.69376694e+05 
 1.71239256e-06  2.64771608e+05  1.71239256e-06  1.69376694e+05 
 1.83772029e-06  2.64771608e+05  1.83772029e-06  1.69376694e+05 
 1.95342802e-06  2.64771608e+05  1.95342802e-06  1.69376694e+05 
 2.14781985e-06  2.64771608e+05  2.14781985e-06  1.69376694e+05 
 2.42656358e-06  2.64771608e+05  2.42656358e-06  1.69376694e+05 
 2.98405105e-06  2.64771608e+05  2.98405105e-06  1.69376694e+05 
 3.55978031e-06  2.64771608e+05  3.55978031e-06  1.69376694e+05 
 4.55978031e-06  2.64771608e+05  4.55978031e-06  1.69376694e+05 
 5.55978031e-06  2.64771608e+05  5.55978031e-06  1.69376694e+05 
 6.55978031e-06  2.64771608e+05  6.55978031e-06  1.69376694e+05 
 7.55978031e-06  2.64771608e+05  7.55978031e-06  1.69376694e+05 
 8.55978031e-06  2.64771608e+05  8.55978031e-06  1.69376694e+05 
 9.55978031e-06  2.64771608e+05  9.55978031e-06  1.69376694e+05 
 1.05597803e-05  2.64771608e+05  1.05597803e-05  1.69376694e+05 
 1.15597803e-05  2.64771608e+05  1.15597803e-05  1.69376694e+05 
 1.25597803e-05  2.64771608e+05  1.25597803e-05  1.69376694e+05 
 1.35597803e-05  2.64771608e+05  1.35597803e-05  1.69376694e+05 
 1.45597803e-05  2.64771608e+05  1.45597803e-05  1.69376694e+05 
 1.55597803e-05  2.64771608e+05  1.55597803e-05  1.69376694e+05 
 1.65597803e-05  2.64771608e+05  1.65597803e-05  1.69376694e+05 
 1.75597803e-05  2.64771608e+05  1.75597803e-05  1.69376694e+05 
 1.85597803e-05  2.64771608e+05  1.85597803e-05  1.69376694e+05 
 1.95597803e-05  2.64771608e+05  1.95597803e-05  1.69376694e+05 
 2.05597803e-05  2.64771608e+05  2.05597803e-05  1.69376694e+05 
 2.15597803e-05  2.64771608e+05  2.15597803e-05  1.69376694e+05 
 2.25597803e-05  2.64771608e+05  2.25597803e-05  1.69376694e+05 
 2.35597803e-05  2.64771608e+05  2.35597803e-05  1.69376694e+05 
 2.45597803e-05  2.64771608e+05  2.45597803e-05  1.69376694e+05 
 2.55597803e-05  2.64771608e+05  2.55597803e-05  1.69376694e+05 
 2.65597803e-05  2.64771608e+05  2.65597803e-05  1.69376694e+05 
 2.75597803e-05  2.64771608e+05  2.75597803e-05  1.69376694e+05 
 2.85597803e-05  2.64771608e+05  2.85597803e-05  1.69376694e+05 
 2.95597803e-05  2.64771608e+05  2.95597803e-05  1.69376694e+05 
 3.05597803e-05  2.64771608e+05  3.05597803e-05  1.69376694e+05 
 3.15597803e-05  2.64771608e+05  3.15597803e-05  1.69376694e+05 
 3.25597803e-05  2.64771608e+05  3.25597803e-05  1.69376694e+05 
 3.35597803e-05  2.64771608e+05  3.35597803e-05  1.69376694e+05 
 3.45597803e-05  2.64771608e+05  3.45597803e-05  1.69376694e+05 
 3.55597803e-05  2.64771608e+05  3.55597803e-05  1.69376694e+05 
 3.65597803e-05  2.64771608e+05  3.65597803e-05  1.69376694e+05 
 3.75597803e-05  2.64771608e+05  3.75597803e-05  1.69376694e+05 
 3.85597803e-05  2.64771608e+05  3.85597803e-05  1.69376694e+05 
 3.95597803e-05  2.64771608e+05  3.95597803e-05  1.69376694e+05 
 4.05597803e-05  2.64771608e+05  4.05597803e-05  1.69376694e+05 
 4.15597803e-05  2.64771608e+05  4.15597803e-05  1.69376694e+05 
 4.25597803e-05  2.64771608e+05  4.25597803e-05  1.69376694e+05 
 4.35597803e-05  2.64771608e+05  4.35597803e-05  1.69376694e+05 
 4.45597803e-05  2.64771608e+05  4.45597803e-05  1.69376694e+05 
 4.55597803e-05  2.64771608e+05  4.55597803e-05  1.69376694e+05 
 4.65597803e-05  2.64771608e+05  4.65597803e-05  1.69376694e+05 
 4.75597803e-05  2.64771608e+05  4.75597803e-05  1.69376694e+05 
 4.85597803e-05  2.64771608e+05  4.85597803e-05  1.69376694e+05 
 4.95597803e-05  2.64771608e+05  4.95597803e-05  1.69376694e+05 
 5.05597803e-05  2.64771608e+05  5.05597803e-05  1.69376694e+05 
 5.15597803e-05  2.64771608e+05  5.15597803e-05  1.69376694e+05 
 5.25597803e-05  2.64771608e+05  5.25597803e-05  1.69376694e+05 
 5.35597803e-05  2.64771608e+05  5.35597803e-05  1.69376694e+05 
 5.45597803e-05  2.64771608e+05  5.45597803e-05  1.69376694e+05 
 5.55597803e-05  2.64771608e+05  5.55597803e-05  1.69376694e+05 
 5.65597803e-05  2.64771608e+05  5.65597803e-05  1.69376694e+05 
 5.75597803e-05  2.64771608e+05  5.75597803e-05  1.69376694e+05 
 5.85597803e-05  2.64771608e+05  5.85597803e-05  1.69376694e+05 
 5.95597803e-05  2.64771608e+05  5.95597803e-05  1.69376694e+05 
 6.05597803e-05  2.64771608e+05  6.05597803e-05  1.69376694e+05 
 6.15597803e-05  2.64771608e+05  6.15597803e-05  1.69376694e+05 
 6.25597803e-05  2.64771608e+05  6.25597803e-05  1.69376694e+05 
 6.35597803e-05  2.64771608e+05  6.35597803e-05  1.69376694e+05 
 6.45597803e-05  2.64771608e+05  6.45597803e-05  1.69376694e+05 
 6.55597803e-05  2.64771608e+05  6.55597803e-05  1.69376694e+05 
 6.65597803e-05  2.64771608e+05  6.65597803e-05  1.69376694e+05 
 6.75597803e-05  2.64771608e+05  6.75597803e-05  1.69376694e+05 
 6.85597803e-05  2.64771608e+05  6.85597803e-05  1.69376694e+05 
 6.95597803e-05  2.64771608e+05  6.95597803e-05  1.69376694e+05 
 7.05597803e-05  2.64771608e+05  7.05597803e-05  1.69376694e+05 
 7.15597803e-05  2.64771608e+05  7.15597803e-05  1.69376694e+05 
 7.25597803e-05  2.64771608e+05  7.25597803e-05  1.69376694e+05 
 7.35597803e-05  2.64771608e+05  7.35597803e-05  1.69376694e+05 
 7.45597803e-05  2.64771608e+05  7.45597803e-05  1.69376694e+05 
 7.55597803e-05  2.64771608e+05  7.55597803e-05  1.69376694e+05 
 7.65597803e-05  2.64771608e+05  7.65597803e-05  1.69376694e+05 
 7.75597803e-05  2.64771608e+05  7.75597803e-05  1.69376694e+05 
 7.85597803e-05  2.64771608e+05  7.85597803e-05  1.69376694e+05 
 7.95597803e-05  2.64771608e+05  7.95597803e-05  1.69376694e+05 
 8.05597803e-05  2.64771608e+05  8.05597803e-05  1.69376694e+05 
 8.15597803e-05  2.64771608e+05  8.15597803e-05  1.69376694e+05 
 8.25597803e-05  2.64771608e+05  8.25597803e-05  1.69376694e+05 
 8.35597803e-05  2.64771608e+05  8.35597803e-05  1.69376694e+05 
 8.45597803e-05  2.64771608e+05  8.45597803e-05  1.69376694e+05 
 8.55597803e-05  2.64771608e+05  8.55597803e-05  1.69376694e+05 
 8.65597803e-05  2.64771608e+05  8.65597803e-05  1.69376694e+05 
 8.75597803e-05  2.64771608e+05  8.75597803e-05  1.69376694e+05 
 8.85597803e-05  2.64771608e+05  8.85597803e-05  1.69376694e+05 
 8.95597803e-05  2.64771608e+05  8.95597803e-05  1.69376694e+05 
 9.05597803e-05  2.64771608e+05  9.05597803e-05  1.69376694e+05 
 9.15597803e-05  2.64771608e+05  9.15597803e-05  1.69376694e+05 
 9.25597803e-05  2.64771608e+05  9.25597803e-05  1.69376694e+05 
 9.35597803e-05  2.64771608e+05  9.35597803e-05  1.69376694e+05 
 9.45597803e-05  2.64771608e+05  9.45597803e-05  1.69376694e+05 
 9.55597803e-05  2.64771608e+05  9.55597803e-05  1.69376694e+05 
 9.65597803e-05  2.64771608e+05  9.65597803e-05  1.69376694e+05 
 9.75597803e-05  2.64771608e+05  9.75597803e-05  1.69376694e+05 
 9.85597803e-05  2.64771608e+05  9.85597803e-05  1.69376694e+05 
 9.95597803e-05  2.64771608e+05  9.95597803e-05  1.69376694e+05 
 1.00559780e-04  2.64771608e+05  1.00559780e-04  1.69376694e+05 
 1.01559780e-04  2.64771608e+05  1.01559780e-04  1.69376694e+05 
 1.02559780e-04  2.64771608e+05  1.02559780e-04  1.69376694e+05 
 1.03559780e-04  2.64771608e+05  1.03559780e-04  1.69376694e+05 
 1.04559780e-04  2.64771608e+05  1.04559780e-04  1.69376694e+05 
 1.05559780e-04  2.64771608e+05  1.05559780e-04  1.69376694e+05 
 1.06559780e-04  2.64771608e+05  1.06559780e-04  1.69376694e+05 
 1.07559780e-04  2.64771608e+05  1.07559780e-04  1.69376694e+05 
 1.08559780e-04  2.64771608e+05  1.08559780e-04  1.69376694e+05 
 1.09559780e-04  2.64771608e+05  1.09559780e-04  1.69376694e+05 
 1.10559780e-04  2.64771608e+05  1.10559780e-04  1.69376694e+05 
 1.11559780e-04  2.64771608e+05  1.11559780e-04  1.69376694e+05 
 1.12559780e-04  2.64771608e+05  1.12559780e-04  1.69376694e+05 
 1.13559780e-04  2.64771608e+05  1.13559780e-04  1.69376694e+05 
 1.14559780e-04  2.64771608e+05  1.14559780e-04  1.69376694e+05 
 1.15559780e-04  2.64771608e+05  1.15559780e-04  1.69376694e+05 
 1.16559780e-04  2.64771608e+05  1.16559780e-04  1.69376694e+05 
 1.17559780e-04  2.64771608e+05  1.17559780e-04  1.69376694e+05 
 1.18559780e-04  2.64771608e+05  1.18559780e-04  1.69376694e+05 
 1.19559780e-04  2.64771608e+05  1.19559780e-04  1.69376694e+05 
 1.20559780e-04  2.64771608e+05  1.20559780e-04  1.69376694e+05 
 1.21559780e-04  2.64771608e+05  1.21559780e-04  1.69376694e+05 
 1.22559780e-04  2.64771608e+05  1.22559780e-04  1.69376694e+05 
 1.23559780e-04  2.64771608e+05  1.23559780e-04  1.69376694e+05 
 1.24559780e-04  2.64771608e+05  1.24559780e-04  1.69376694e+05 
 1.25559780e-04  2.64771608e+05  1.25559780e-04  1.69376694e+05 
 1.26559780e-04  2.64771608e+05  1.26559780e-04  1.69376694e+05 
 1.27559780e-04  2.64771608e+05  1.27559780e-04  1.69376694e+05 
 1.28559780e-04  2.64771608e+05  1.28559780e-04  1.69376694e+05 
 1.29559780e-04  2.64771608e+05  1.29559780e-04  1.69376694e+05 
 1.30559780e-04  2.64771608e+05  1.30559780e-04  1.69376694e+05 
 1.31559780e-04  2.64771608e+05  1.31559780e-04  1.69376694e+05 
 1.32559780e-04  2.64771608e+05  1.32559780e-04  1.69376694e+05 
 1.33559780e-04  2.64771608e+05  1.33559780e-04  1.69376694e+05 
 1.34559780e-04  2.64771608e+05  1.34559780e-04  1.69376694e+05 
 1.35559780e-04  2.64771608e+05  1.35559780e-04  1.69376694e+05 
 1.36559780e-04  2.64771608e+05  1.36559780e-04  1.69376694e+05 
 1.37559780e-04  2.64771608e+05  1.37559780e-04  1.69376694e+05 
 1.38559780e-04  2.64771608e+05  1.38559780e-04  1.69376694e+05 
 1.39559780e-04  2.64771608e+05  1.39559780e-04  1.69376694e+05 
 1.40559780e-04  2.64771608e+05  1.40559780e-04  1.69376694e+05 
 1.41559780e-04  2.64771608e+05  1.41559780e-04  1.69376694e+05 
 1.42559780e-04  2.64771608e+05  1.42559780e-04  1.69376694e+05 
 1.43559780e-04  2.64771608e+05  1.43559780e-04  1.69376694e+05 
 1.44559780e-04  2.64771608e+05  1.44559780e-04  1.69376694e+05 
 1.45559780e-04  2.64771608e+05  1.45559780e-04  1.69376694e+05 
 1.46559780e-04  2.64771608e+05  1.46559780e-04  1.69376694e+05 
 1.47559780e-04  2.64771608e+05  1.47559780e-04  1.69376694e+05 
 1.48559780e-04  2.64771608e+05  1.48559780e-04  1.69376694e+05 
 1.49559780e-04  2.64771608e+05  1.49559780e-04  1.69376694e+05 
 1.50559780e-04  2.64771608e+05  1.50559780e-04  1.69376694e+05 
 1.51559780e-04  2.64771608e+05  1.51559780e-04  1.69376694e+05 
 1.52559780e-04  2.64771608e+05  1.52559780e-04  1.69376694e+05 
 1.53559780e-04  2.64771608e+05  1.53559780e-04  1.69376694e+05 
 1.54559780e-04  2.64771608e+05  1.54559780e-04  1.69376694e+05 
 1.55559780e-04  2.64771608e+05  1.55559780e-04  1.69376694e+05 
 1.56559780e-04  2.64771608e+05  1.56559780e-04  1.69376694e+05 
 1.57559780e-04  2.64771608e+05  1.57559780e-04  1.69376694e+05 
 1.58559780e-04  2.64771608e+05  1.58559780e-04  1.69376694e+05 
 1.59559780e-04  2.64771608e+05  1.59559780e-04  1.69376694e+05 
 1.60559780e-04  2.64771608e+05  1.60559780e-04  1.69376694e+05 
 1.61559780e-04  2.64771608e+05  1.61559780e-04  1.69376694e+05 
 1.62559780e-04  2.64771608e+05  1.62559780e-04  1.69376694e+05 
 1.63559780e-04  2.64771608e+05  1.63559780e-04  1.69376694e+05 
 1.64559780e-04  2.64771608e+05  1.64559780e-04  1.69376694e+05 
 1.65559780e-04  2.64771608e+05  1.65559780e-04  1.69376694e+05 
 1.66559780e-04  2.64771608e+05  1.66559780e-04  1.69376694e+05 
 1.67559780e-04  2.64771608e+05  1.67559780e-04  1.69376694e+05 
 1.68559780e-04  2.64771608e+05  1.68559780e-04  1.69376694e+05 
 1.69559780e-04  2.64771608e+05  1.69559780e-04  1.69376694e+05 
 1.70559780e-04  2.64771608e+05  1.70559780e-04  1.69376694e+05 
 1.71559780e-04  2.64771608e+05  1.71559780e-04  1.69376694e+05 
 1.72559780e-04  2.64771608e+05  1.72559780e-04  1.69376694e+05 
 1.73559780e-04  2.64771608e+05  1.73559780e-04  1.69376694e+05 
 1.74559780e-04  2.64771608e+05  1.74559780e-04  1.69376694e+05 
 1.75559780e-04  2.64771608e+05  1.75559780e-04  1.69376694e+05 
 1.76559780e-04  2.64771608e+05  1.76559780e-04  1.69376694e+05 
 1.77559780e-04  2.64771608e+05  1.77559780e-04  1.69376694e+05 
 1.78559780e-04  2.64771608e+05  1.78559780e-04  1.69376694e+05 
 1.79559780e-04  2.64771608e+05  1.79559780e-04  1.69376694e+05 
 1.80559780e-04  2.64771608e+05  1.80559780e-04  1.69376694e+05 
 1.81559780e-04  2.64771608e+05  1.81559780e-04  1.69376694e+05 
 1.82559780e-04  2.64771608e+05  1.82559780e-04  1.69376694e+05 
 1.83559780e-04  2.64771608e+05  1.83559780e-04  1.69376694e+05 
 1.84559780e-04  2.64771608e+05  1.84559780e-04  1.69376694e+05 
 1.85559780e-04  2.64771608e+05  1.85559780e-04  1.69376694e+05 
 1.86559780e-04  2.64771608e+05  1.86559780e-04  1.69376694e+05 
 1.87559780e-04  2.64771608e+05  1.87559780e-04  1.69376694e+05 
 1.88559780e-04  2.64771608e+05  1.88559780e-04  1.69376694e+05 
 1.89559780e-04  2.64771608e+05  1.89559780e-04  1.69376694e+05 
 1.90559780e-04  2.64771608e+05  1.90559780e-04  1.69376694e+05 
 1.91559780e-04  2.64771608e+05  1.91559780e-04  1.69376694e+05 
 1.92559780e-04  2.64771608e+05  1.92559780e-04  1.69376694e+05 
 1.93559780e-04  2.64771608e+05  1.93559780e-04  1.69376694e+05 
 1.94559780e-04  2.64771608e+05  1.94559780e-04  1.69376694e+05 
 1.95559780e-04  2.64771608e+05  1.95559780e-04  1.69376694e+05 
 1.96559780e-04  2.64771608e+05  1.96559780e-04  1.69376694e+05 
 1.97559780e-04  2.64771608e+05  1.97559780e-04  1.69376694e+05 
 1.98559780e-04  2.64771608e+05  1.98559780e-04  1.69376694e+05 
 1.99559780e-04  2.64771608e+05  1.99559780e-04  1.69376694e+05 
 2.00559780e-04  2.64771608e+05  2.00559780e-04  1.69376694e+05 
 2.01000001e-04  2.64771608e+05  2.01000001e-04  1.69376694e+05 
 2.01000001e-04  2.64771608e+05  2.01000001e-04  1.69376694e+05 
 2.01000001e-04  2.64771608e+05  2.01000001e-04  1.69376694e+05 
 2.01000002e-04  2.64771608e+05  2.01000002e-04  1.69376694e+05 
 2.01000002e-04  2.64771608e+05  2.01000002e-04  1.69376694e+05 
 2.01000002e-04  2.64771608e+05  2.01000002e-04  1.69376694e+05 
 2.01000002e-04  2.64771608e+05  2.01000002e-04  1.69376694e+05 
 2.01000003e-04  2.64771608e+05  2.01000003e-04  1.69376694e+05 
 2.01000003e-04  2.64771608e+05  2.01000003e-04  1.69376694e+05 
 2.01000004e-04  2.64771608e+05  2.01000004e-04  1.69376694e+05 
 2.01000007e-04  2.64771608e+05  2.01000007e-04  1.69376694e+05 
 2.01000012e-04  2.64771608e+05  2.01000012e-04  1.69376694e+05 
 2.01000022e-04  2.64771608e+05  2.01000022e-04  1.69376694e+05 
 2.01000043e-04  2.64771608e+05  2.01000043e-04  1.69376694e+05 
 2.01000084e-04  2.64771608e+05  2.01000084e-04  1.69376694e+05 
 2.01000166e-04  2.64771608e+05  2.01000166e-04  1.69376694e+05 
 2.01000330e-04  2.64771608e+05  2.01000330e-04  1.69376694e+05 
 2.01000657e-04  2.64771608e+05  2.01000657e-04  1.69376694e+05 
 2.01001262e-04  2.64771608e+05  2.01001262e-04  1.69376694e+05 
 2.01002093e-04  2.64771608e+05  2.01002093e-04  1.69376694e+05 
 2.01002925e-04  2.64771608e+05  2.01002925e-04  1.69376694e+05 
 2.01004588e-04  2.64771608e+05  2.01004588e-04  1.69376694e+05 
 2.01007427e-04  2.64771608e+05  2.01007427e-04  1.69376694e+05 
 2.01013048e-04  2.64771608e+05  2.01013048e-04  1.69376694e+05 
 2.01024289e-04  2.64771608e+05  2.01024289e-04  1.69376694e+05 
 2.01046772e-04  2.64771608e+05  2.01046772e-04  1.69376694e+05 
 2.01091737e-04  2.64771608e+05  2.01091737e-04  1.69376694e+05 
 2.01181668e-04  2.64771608e+05  2.01181668e-04  1.69376694e+05 
 2.01352383e-04  2.64771608e+05  2.01352383e-04  1.69376694e+05 
 2.01693814e-04  2.64771608e+05  2.01693814e-04  1.69376694e+05 
 2.02376674e-04  2.64771608e+05  2.02376674e-04  1.69376694e+05 
 2.03376674e-04  2.64771608e+05  2.03376674e-04  1.69376694e+05 
 2.03501674e-04  2.64771608e+05  2.03501674e-04  1.69376694e+05 
 2.03751674e-04  2.64771608e+05  2.03751674e-04  1.69376694e+05 
 2.04251674e-04  2.64771608e+05  2.04251674e-04  1.69376694e+05 
 2.04685291e-04  2.64771608e+05  2.04685291e-04  1.69376694e+05 
 2.05158872e-04  2.64771608e+05  2.05158872e-04  1.69376694e+05 
 2.05247824e-04  2.64771608e+05  2.05247824e-04  1.69376694e+05 
 2.05425727e-04  2.64771608e+05  2.05425727e-04  1.69376694e+05 
 2.05781534e-04  2.64771608e+05  2.05781534e-04  1.69376694e+05 
 2.06094825e-04  2.64771608e+05  2.06094825e-04  1.69376694e+05 
 2.06417864e-04  2.64771608e+05  2.06417864e-04  1.69376694e+05 
 2.06986239e-04  2.64771608e+05  2.06986239e-04  1.69376694e+05 
 2.07515883e-04  2.64771608e+05  2.07515883e-04  1.69376694e+05 
 2.08437179e-04  2.64771608e+05  2.08437179e-04  1.69376694e+05 
 2.09437179e-04  2.64771608e+05  2.09437179e-04  1.69376694e+05 
 2.10437179e-04  2.64771608e+05  2.10437179e-04  1.69376694e+05 
 2.11437179e-04  2.64771608e+05  2.11437179e-04  1.69376694e+05 
 2.12437179e-04  2.64771608e+05  2.12437179e-04  1.69376694e+05 
 2.13437179e-04  2.64771608e+05  2.13437179e-04  1.69376694e+05 
 2.14437179e-04  2.64771608e+05  2.14437179e-04  1.69376694e+05 
 2.15437179e-04  2.64771608e+05  2.15437179e-04  1.69376694e+05 
 2.16437179e-04  2.64771608e+05  2.16437179e-04  1.69376694e+05 
 2.17437179e-04  2.64771608e+05  2.17437179e-04  1.69376694e+05 
 2.18437179e-04  2.64771608e+05  2.18437179e-04  1.69376694e+05 
 2.19437179e-04  2.64771608e+05  2.19437179e-04  1.69376694e+05 
 2.20437179e-04  2.64771608e+05  2.20437179e-04  1.69376694e+05 
 2.21437179e-04  2.64771608e+05  2.21437179e-04  1.69376694e+05 
 2.22437179e-04  2.64771608e+05  2.22437179e-04  1.69376694e+05 
 2.23437179e-04  2.64771608e+05  2.23437179e-04  1.69376694e+05 
 2.24437179e-04  2.64771608e+05  2.24437179e-04  1.69376694e+05 
 2.25437179e-04  2.64771608e+05  2.25437179e-04  1.69376694e+05 
 2.26437179e-04  2.64771608e+05  2.26437179e-04  1.69376694e+05 
 2.27437179e-04  2.64771608e+05  2.27437179e-04  1.69376694e+05 
 2.28437179e-04  2.64771608e+05  2.28437179e-04  1.69376694e+05 
 2.29437179e-04  2.64771608e+05  2.29437179e-04  1.69376694e+05 
 2.30437179e-04  2.64771608e+05  2.30437179e-04  1.69376694e+05 
 2.31437179e-04  2.64771608e+05  2.31437179e-04  1.69376694e+05 
 2.32437179e-04  2.64771608e+05  2.32437179e-04  1.69376694e+05 
 2.33437179e-04  2.64771608e+05  2.33437179e-04  1.69376694e+05 
 2.34437179e-04  2.64771608e+05  2.34437179e-04  1.69376694e+05 
 2.35437179e-04  2.64771608e+05  2.35437179e-04  1.69376694e+05 
 2.36437179e-04  2.64771608e+05  2.36437179e-04  1.69376694e+05 
 2.37437179e-04  2.64771608e+05  2.37437179e-04  1.69376694e+05 
 2.38437179e-04  2.64771608e+05  2.38437179e-04  1.69376694e+05 
 2.39437179e-04  2.64771608e+05  2.39437179e-04  1.69376694e+05 
 2.40437179e-04  2.64771608e+05  2.40437179e-04  1.69376694e+05 
 2.41437179e-04  2.64771608e+05  2.41437179e-04  1.69376694e+05 
 2.42437179e-04  2.64771608e+05  2.42437179e-04  1.69376694e+05 
 2.43437179e-04  2.64771608e+05  2.43437179e-04  1.69376694e+05 
 2.44437179e-04  2.64771608e+05  2.44437179e-04  1.69376694e+05 
 2.45437179e-04  2.64771608e+05  2.45437179e-04  1.69376694e+05 
 2.46437179e-04  2.64771608e+05  2.46437179e-04  1.69376694e+05 
 2.47437179e-04  2.64771608e+05  2.47437179e-04  1.69376694e+05 
 2.48437179e-04  2.64771608e+05  2.48437179e-04  1.69376694e+05 
 2.49437179e-04  2.64771608e+05  2.49437179e-04  1.69376694e+05 
 2.50437179e-04  2.64771608e+05  2.50437179e-04  1.69376694e+05 
 2.51437179e-04  2.64771608e+05  2.51437179e-04  1.69376694e+05 
 2.52437179e-04  2.64771608e+05  2.52437179e-04  1.69376694e+05 
 2.53437179e-04  2.64771608e+05  2.53437179e-04  1.69376694e+05 
 2.54437179e-04  2.64771608e+05  2.54437179e-04  1.69376694e+05 
 2.55437179e-04  2.64771608e+05  2.55437179e-04  1.69376694e+05 
 2.56437179e-04  2.64771608e+05  2.56437179e-04  1.69376694e+05 
 2.57437179e-04  2.64771608e+05  2.57437179e-04  1.69376694e+05 
 2.58437179e-04  2.64771608e+05  2.58437179e-04  1.69376694e+05 
 2.59437179e-04  2.64771608e+05  2.59437179e-04  1.69376694e+05 
 2.60437179e-04  2.64771608e+05  2.60437179e-04  1.69376694e+05 
 2.61437179e-04  2.64771608e+05  2.61437179e-04  1.69376694e+05 
 2.62437179e-04  2.64771608e+05  2.62437179e-04  1.69376694e+05 
 2.63437179e-04  2.64771608e+05  2.63437179e-04  1.69376694e+05 
 2.64437179e-04  2.64771608e+05  2.64437179e-04  1.69376694e+05 
 2.65437179e-04  2.64771608e+05  2.65437179e-04  1.69376694e+05 
 2.66437179e-04  2.64771608e+05  2.66437179e-04  1.69376694e+05 
 2.67437179e-04  2.64771608e+05  2.67437179e-04  1.69376694e+05 
 2.68437179e-04  2.64771608e+05  2.68437179e-04  1.69376694e+05 
 2.69437179e-04  2.64771608e+05  2.69437179e-04  1.69376694e+05 
 2.70437179e-04  2.64771608e+05  2.70437179e-04  1.69376694e+05 
 2.71437179e-04  2.64771608e+05  2.71437179e-04  1.69376694e+05 
 2.72437179e-04  2.64771608e+05  2.72437179e-04  1.69376694e+05 
 2.73437179e-04  2.64771608e+05  2.73437179e-04  1.69376694e+05 
 2.74437179e-04  2.64771608e+05  2.74437179e-04  1.69376694e+05 
 2.75437179e-04  2.64771608e+05  2.75437179e-04  1.69376694e+05 
 2.76437179e-04  2.64771608e+05  2.76437179e-04  1.69376694e+05 
 2.77437179e-04  2.64771608e+05  2.77437179e-04  1.69376694e+05 
 2.78437179e-04  2.64771608e+05  2.78437179e-04  1.69376694e+05 
 2.79437179e-04  2.64771608e+05  2.79437179e-04  1.69376694e+05 
 2.80437179e-04  2.64771608e+05  2.80437179e-04  1.69376694e+05 
 2.81437179e-04  2.64771608e+05  2.81437179e-04  1.69376694e+05 
 2.82437179e-04  2.64771608e+05  2.82437179e-04  1.69376694e+05 
 2.83437179e-04  2.64771608e+05  2.83437179e-04  1.69376694e+05 
 2.84437179e-04  2.64771608e+05  2.84437179e-04  1.69376694e+05 
 2.85437179e-04  2.64771608e+05  2.85437179e-04  1.69376694e+05 
 2.86437179e-04  2.64771608e+05  2.86437179e-04  1.69376694e+05 
 2.87437179e-04  2.64771608e+05  2.87437179e-04  1.69376694e+05 
 2.88437179e-04  2.64771608e+05  2.88437179e-04  1.69376694e+05 
 2.89437179e-04  2.64771608e+05  2.89437179e-04  1.69376694e+05 
 2.90437179e-04  2.64771608e+05  2.90437179e-04  1.69376694e+05 
 2.91437179e-04  2.64771608e+05  2.91437179e-04  1.69376694e+05 
 2.92437179e-04  2.64771608e+05  2.92437179e-04  1.69376694e+05 
 2.93437179e-04  2.64771608e+05  2.93437179e-04  1.69376694e+05 
 2.94437179e-04  2.64771608e+05  2.94437179e-04  1.69376694e+05 
 2.95437179e-04  2.64771608e+05  2.95437179e-04  1.69376694e+05 
 2.96437179e-04  2.64771608e+05  2.96437179e-04  1.69376694e+05 
 2.97437179e-04  2.64771608e+05  2.97437179e-04  1.69376694e+05 
 2.98437179e-04  2.64771608e+05  2.98437179e-04  1.69376694e+05 
 2.99437179e-04  2.64771608e+05  2.99437179e-04  1.69376694e+05 
 3.00437179e-04  2.64771608e+05  3.00437179e-04  1.69376694e+05 
 3.01437179e-04  2.64771608e+05  3.01437179e-04  1.69376694e+05 
 3.02437179e-04  2.64771608e+05  3.02437179e-04  1.69376694e+05 
 3.03437179e-04  2.64771608e+05  3.03437179e-04  1.69376694e+05 
 3.04437179e-04  2.64771608e+05  3.04437179e-04  1.69376694e+05 
 3.05437179e-04  2.64771608e+05  3.05437179e-04  1.69376694e+05 
 3.06437179e-04  2.64771608e+05  3.06437179e-04  1.69376694e+05 
 3.07437179e-04  2.64771608e+05  3.07437179e-04  1.69376694e+05 
 3.08437179e-04  2.64771608e+05  3.08437179e-04  1.69376694e+05 
 3.09437179e-04  2.64771608e+05  3.09437179e-04  1.69376694e+05 
 3.10437179e-04  2.64771608e+05  3.10437179e-04  1.69376694e+05 
 3.11437179e-04  2.64771608e+05  3.11437179e-04  1.69376694e+05 
 3.12437179e-04  2.64771608e+05  3.12437179e-04  1.69376694e+05 
 3.13437179e-04  2.64771608e+05  3.13437179e-04  1.69376694e+05 
 3.14437179e-04  2.64771608e+05  3.14437179e-04  1.69376694e+05 
 3.15437179e-04  2.64771608e+05  3.15437179e-04  1.69376694e+05 
 3.16437179e-04  2.64771608e+05  3.16437179e-04  1.69376694e+05 
 3.17437179e-04  2.64771608e+05  3.17437179e-04  1.69376694e+05 
 3.18437179e-04  2.64771608e+05  3.18437179e-04  1.69376694e+05 
 3.19437179e-04  2.64771608e+05  3.19437179e-04  1.69376694e+05 
 3.20437179e-04  2.64771608e+05  3.20437179e-04  1.69376694e+05 
 3.21437179e-04  2.64771608e+05  3.21437179e-04  1.69376694e+05 
 3.22437179e-04  2.64771608e+05  3.22437179e-04  1.69376694e+05 
 3.23437179e-04  2.64771608e+05  3.23437179e-04  1.69376694e+05 
 3.24437179e-04  2.64771608e+05  3.24437179e-04  1.69376694e+05 
 3.25437179e-04  2.64771608e+05  3.25437179e-04  1.69376694e+05 
 3.26437179e-04  2.64771608e+05  3.26437179e-04  1.69376694e+05 
 3.27437179e-04  2.64771608e+05  3.27437179e-04  1.69376694e+05 
 3.28437179e-04  2.64771608e+05  3.28437179e-04  1.69376694e+05 
 3.29437179e-04  2.64771608e+05  3.29437179e-04  1.69376694e+05 
 3.30437179e-04  2.64771608e+05  3.30437179e-04  1.69376694e+05 
 3.31437179e-04  2.64771608e+05  3.31437179e-04  1.69376694e+05 
 3.32437179e-04  2.64771608e+05  3.32437179e-04  1.69376694e+05 
 3.33437179e-04  2.64771608e+05  3.33437179e-04  1.69376694e+05 
 3.34437179e-04  2.64771608e+05  3.34437179e-04  1.69376694e+05 
 3.35437179e-04  2.64771608e+05  3.35437179e-04  1.69376694e+05 
 3.36437179e-04  2.64771608e+05  3.36437179e-04  1.69376694e+05 
 3.37437179e-04  2.64771608e+05  3.37437179e-04  1.69376694e+05 
 3.38437179e-04  2.64771608e+05  3.38437179e-04  1.69376694e+05 
 3.39437179e-04  2.64771608e+05  3.39437179e-04  1.69376694e+05 
 3.40437179e-04  2.64771608e+05  3.40437179e-04  1.69376694e+05 
 3.41437179e-04  2.64771608e+05  3.41437179e-04  1.69376694e+05 
 3.42437179e-04  2.64771608e+05  3.42437179e-04  1.69376694e+05 
 3.43437179e-04  2.64771608e+05  3.43437179e-04  1.69376694e+05 
 3.44437179e-04  2.64771608e+05  3.44437179e-04  1.69376694e+05 
 3.45437179e-04  2.64771608e+05  3.45437179e-04  1.69376694e+05 
 3.46437179e-04  2.64771608e+05  3.46437179e-04  1.69376694e+05 
 3.47437179e-04  2.64771608e+05  3.47437179e-04  1.69376694e+05 
 3.48437179e-04  2.64771608e+05  3.48437179e-04  1.69376694e+05 
 3.49437179e-04  2.64771608e+05  3.49437179e-04  1.69376694e+05 
 3.50437179e-04  2.64771608e+05  3.50437179e-04  1.69376694e+05 
 3.51437179e-04  2.64771608e+05  3.51437179e-04  1.69376694e+05 
 3.52437179e-04  2.64771608e+05  3.52437179e-04  1.69376694e+05 
 3.53437179e-04  2.64771608e+05  3.53437179e-04  1.69376694e+05 
 3.54437179e-04  2.64771608e+05  3.54437179e-04  1.69376694e+05 
 3.55437179e-04  2.64771608e+05  3.55437179e-04  1.69376694e+05 
 3.56437179e-04  2.64771608e+05  3.56437179e-04  1.69376694e+05 
 3.57437179e-04  2.64771608e+05  3.57437179e-04  1.69376694e+05 
 3.58437179e-04  2.64771608e+05  3.58437179e-04  1.69376694e+05 
 3.59437179e-04  2.64771608e+05  3.59437179e-04  1.69376694e+05 
 3.60437179e-04  2.64771608e+05  3.60437179e-04  1.69376694e+05 
 3.61437179e-04  2.64771608e+05  3.61437179e-04  1.69376694e+05 
 3.62437179e-04  2.64771608e+05  3.62437179e-04  1.69376694e+05 
 3.63437179e-04  2.64771608e+05  3.63437179e-04  1.69376694e+05 
 3.64437179e-04  2.64771608e+05  3.64437179e-04  1.69376694e+05 
 3.65437179e-04  2.64771608e+05  3.65437179e-04  1.69376694e+05 
 3.66437179e-04  2.64771608e+05  3.66437179e-04  1.69376694e+05 
 3.67437179e-04  2.64771608e+05  3.67437179e-04  1.69376694e+05 
 3.68437179e-04  2.64771608e+05  3.68437179e-04  1.69376694e+05 
 3.69437179e-04  2.64771608e+05  3.69437179e-04  1.69376694e+05 
 3.70437179e-04  2.64771608e+05  3.70437179e-04  1.69376694e+05 
 3.71437179e-04  2.64771608e+05  3.71437179e-04  1.69376694e+05 
 3.72437179e-04  2.64771608e+05  3.72437179e-04  1.69376694e+05 
 3.73437179e-04  2.64771608e+05  3.73437179e-04  1.69376694e+05 
 3.74437179e-04  2.64771608e+05  3.74437179e-04  1.69376694e+05 
 3.75437179e-04  2.64771608e+05  3.75437179e-04  1.69376694e+05 
 3.76437179e-04  2.64771608e+05  3.76437179e-04  1.69376694e+05 
 3.77437179e-04  2.64771608e+05  3.77437179e-04  1.69376694e+05 
 3.78437179e-04  2.64771608e+05  3.78437179e-04  1.69376694e+05 
 3.79437179e-04  2.64771608e+05  3.79437179e-04  1.69376694e+05 
 3.80437179e-04  2.64771608e+05  3.80437179e-04  1.69376694e+05 
 3.81437179e-04  2.64771608e+05  3.81437179e-04  1.69376694e+05 
 3.82437179e-04  2.64771608e+05  3.82437179e-04  1.69376694e+05 
 3.83437179e-04  2.64771608e+05  3.83437179e-04  1.69376694e+05 
 3.84437179e-04  2.64771608e+05  3.84437179e-04  1.69376694e+05 
 3.85437179e-04  2.64771608e+05  3.85437179e-04  1.69376694e+05 
 3.86437179e-04  2.64771608e+05  3.86437179e-04  1.69376694e+05 
 3.87437179e-04  2.64771608e+05  3.87437179e-04  1.69376694e+05 
 3.88437179e-04  2.64771608e+05  3.88437179e-04  1.69376694e+05 
 3.89437179e-04  2.64771608e+05  3.89437179e-04  1.69376694e+05 
 3.90437179e-04  2.64771608e+05  3.90437179e-04  1.69376694e+05 
 3.91437179e-04  2.64771608e+05  3.91437179e-04  1.69376694e+05 
 3.92437179e-04  2.64771608e+05  3.92437179e-04  1.69376694e+05 
 3.93437179e-04  2.64771608e+05  3.93437179e-04  1.69376694e+05 
 3.94437179e-04  2.64771608e+05  3.94437179e-04  1.69376694e+05 
 3.95437179e-04  2.64771608e+05  3.95437179e-04  1.69376694e+05 
 3.96437179e-04  2.64771608e+05  3.96437179e-04  1.69376694e+05 
 3.97437179e-04  2.64771608e+05  3.97437179e-04  1.69376694e+05 
 3.98437179e-04  2.64771608e+05  3.98437179e-04  1.69376694e+05 
 3.99437179e-04  2.64771608e+05  3.99437179e-04  1.69376694e+05 
 4.00437179e-04  2.64771608e+05  4.00437179e-04  1.69376694e+05 
 4.01000000e-04  2.64771608e+05  4.01000000e-04  1.69376694e+05 
