-4.00000000e+01  3.50704454e-07 -4.00000000e+01  1.26228996e+02 -4.00000000e+01 -1.18400000e-04 
-3.90000000e+01  3.50704454e-07 -3.90000000e+01  1.26228996e+02 -3.90000000e+01 -1.18400000e-04 
-3.80000000e+01  3.50704454e-07 -3.80000000e+01  1.26228996e+02 -3.80000000e+01 -1.18400000e-04 
-3.70000000e+01  3.50704454e-07 -3.70000000e+01  1.26228996e+02 -3.70000000e+01 -1.18400000e-04 
-3.60000000e+01  3.50704454e-07 -3.60000000e+01  1.26228996e+02 -3.60000000e+01 -1.18400000e-04 
-3.50000000e+01  3.50704454e-07 -3.50000000e+01  1.26228996e+02 -3.50000000e+01 -1.18400000e-04 
-3.40000000e+01  3.50704454e-07 -3.40000000e+01  1.26228996e+02 -3.40000000e+01 -1.18400000e-04 
-3.30000000e+01  3.50704454e-07 -3.30000000e+01  1.26228996e+02 -3.30000000e+01 -1.18400000e-04 
-3.20000000e+01  3.50704454e-07 -3.20000000e+01  1.26228996e+02 -3.20000000e+01 -1.18400000e-04 
-3.10000000e+01  3.50704454e-07 -3.10000000e+01  1.26228996e+02 -3.10000000e+01 -1.18400000e-04 
-3.00000000e+01  3.50704454e-07 -3.00000000e+01  1.26228996e+02 -3.00000000e+01 -1.18400000e-04 
-2.90000000e+01  3.50704454e-07 -2.90000000e+01  1.26228996e+02 -2.90000000e+01 -1.18400000e-04 
-2.80000000e+01  3.50704454e-07 -2.80000000e+01  1.26228996e+02 -2.80000000e+01 -1.18400000e-04 
-2.70000000e+01  3.50704454e-07 -2.70000000e+01  1.26228996e+02 -2.70000000e+01 -1.18400000e-04 
-2.60000000e+01  3.50704454e-07 -2.60000000e+01  1.26228996e+02 -2.60000000e+01 -1.18400000e-04 
-2.50000000e+01  3.50704454e-07 -2.50000000e+01  1.26228996e+02 -2.50000000e+01 -1.18400000e-04 
-2.40000000e+01  3.50704454e-07 -2.40000000e+01  1.26228996e+02 -2.40000000e+01 -1.18400000e-04 
-2.30000000e+01  3.50704454e-07 -2.30000000e+01  1.26228996e+02 -2.30000000e+01 -1.18400000e-04 
-2.20000000e+01  3.50704454e-07 -2.20000000e+01  1.26228996e+02 -2.20000000e+01 -1.18400000e-04 
-2.10000000e+01  3.50704454e-07 -2.10000000e+01  1.26228996e+02 -2.10000000e+01 -1.18400000e-04 
-2.00000000e+01  3.50704454e-07 -2.00000000e+01  1.26228996e+02 -2.00000000e+01 -1.18400000e-04 
-1.90000000e+01  3.50704454e-07 -1.90000000e+01  1.26228996e+02 -1.90000000e+01 -1.18400000e-04 
-1.80000000e+01  3.50704454e-07 -1.80000000e+01  1.26228996e+02 -1.80000000e+01 -1.18400000e-04 
-1.70000000e+01  3.50704454e-07 -1.70000000e+01  1.26228996e+02 -1.70000000e+01 -1.18400000e-04 
-1.60000000e+01  3.50704454e-07 -1.60000000e+01  1.26228996e+02 -1.60000000e+01 -1.18400000e-04 
-1.50000000e+01  3.50704454e-07 -1.50000000e+01  1.26228996e+02 -1.50000000e+01 -1.18400000e-04 
-1.40000000e+01  3.50704454e-07 -1.40000000e+01  1.26228996e+02 -1.40000000e+01 -1.18400000e-04 
-1.30000000e+01  3.50704454e-07 -1.30000000e+01  1.26228996e+02 -1.30000000e+01 -1.18400000e-04 
-1.20000000e+01  3.50704454e-07 -1.20000000e+01  1.26228996e+02 -1.20000000e+01 -1.18400000e-04 
-1.10000000e+01  3.50704454e-07 -1.10000000e+01  1.26228996e+02 -1.10000000e+01 -1.18400000e-04 
-1.00000000e+01  3.50704454e-07 -1.00000000e+01  1.26228996e+02 -1.00000000e+01 -1.18400000e-04 
-9.00000000e+00  3.50704454e-07 -9.00000000e+00  1.26228996e+02 -9.00000000e+00 -1.18400000e-04 
-8.00000000e+00  3.50704454e-07 -8.00000000e+00  1.26228996e+02 -8.00000000e+00 -1.18400000e-04 
-7.00000000e+00  3.50704454e-07 -7.00000000e+00  1.26228996e+02 -7.00000000e+00 -1.18400000e-04 
-6.00000000e+00  3.50704454e-07 -6.00000000e+00  1.26228996e+02 -6.00000000e+00 -1.18400000e-04 
-5.00000000e+00  3.50704454e-07 -5.00000000e+00  1.26228996e+02 -5.00000000e+00 -1.18400000e-04 
-4.00000000e+00  3.50704454e-07 -4.00000000e+00  1.26228996e+02 -4.00000000e+00 -1.18400000e-04 
-3.00000000e+00  3.50704454e-07 -3.00000000e+00  1.26228996e+02 -3.00000000e+00 -1.18400000e-04 
-2.00000000e+00  3.50704454e-07 -2.00000000e+00  1.26228996e+02 -2.00000000e+00 -1.18400000e-04 
-1.00000000e+00  3.50704454e-07 -1.00000000e+00  1.26228996e+02 -1.00000000e+00 -1.18400000e-04 
 0.00000000e+00  3.50704454e-07  0.00000000e+00  1.26228996e+02  0.00000000e+00 -1.18400000e-04 
 1.00000000e+00  3.50704454e-07  1.00000000e+00  1.26228996e+02  1.00000000e+00 -1.18400000e-04 
 2.00000000e+00  3.50704454e-07  2.00000000e+00  1.26228996e+02  2.00000000e+00 -1.18400000e-04 
 3.00000000e+00  3.50704454e-07  3.00000000e+00  1.26228996e+02  3.00000000e+00 -1.18400000e-04 
 4.00000000e+00  3.50704454e-07  4.00000000e+00  1.26228996e+02  4.00000000e+00 -1.18400000e-04 
 5.00000000e+00  3.50704454e-07  5.00000000e+00  1.26228996e+02  5.00000000e+00 -1.18400000e-04 
 6.00000000e+00  3.50704454e-07  6.00000000e+00  1.26228996e+02  6.00000000e+00 -1.18400000e-04 
 7.00000000e+00  3.50704454e-07  7.00000000e+00  1.26228996e+02  7.00000000e+00 -1.18400000e-04 
 8.00000000e+00  3.50704454e-07  8.00000000e+00  1.26228996e+02  8.00000000e+00 -1.18400000e-04 
 9.00000000e+00  3.50704454e-07  9.00000000e+00  1.26228996e+02  9.00000000e+00 -1.18400000e-04 
 1.00000000e+01  3.50704454e-07  1.00000000e+01  1.26228996e+02  1.00000000e+01 -1.18400000e-04 
 1.10000000e+01  3.50704454e-07  1.10000000e+01  1.26228996e+02  1.10000000e+01 -1.18400000e-04 
 1.20000000e+01  3.50704454e-07  1.20000000e+01  1.26228996e+02  1.20000000e+01 -1.18400000e-04 
 1.30000000e+01  3.50704454e-07  1.30000000e+01  1.26228996e+02  1.30000000e+01 -1.18400000e-04 
 1.40000000e+01  3.50704454e-07  1.40000000e+01  1.26228996e+02  1.40000000e+01 -1.18400000e-04 
 1.50000000e+01  3.50704454e-07  1.50000000e+01  1.26228996e+02  1.50000000e+01 -1.18400000e-04 
 1.60000000e+01  3.50704454e-07  1.60000000e+01  1.26228996e+02  1.60000000e+01 -1.18400000e-04 
 1.70000000e+01  3.50704454e-07  1.70000000e+01  1.26228996e+02  1.70000000e+01 -1.18400000e-04 
 1.80000000e+01  3.50704454e-07  1.80000000e+01  1.26228996e+02  1.80000000e+01 -1.18400000e-04 
 1.90000000e+01  3.50704454e-07  1.90000000e+01  1.26228996e+02  1.90000000e+01 -1.18400000e-04 
 2.00000000e+01  3.50704454e-07  2.00000000e+01  1.26228996e+02  2.00000000e+01 -1.18400000e-04 
 2.10000000e+01  3.50704454e-07  2.10000000e+01  1.26228996e+02  2.10000000e+01 -1.18400000e-04 
 2.20000000e+01  3.50704454e-07  2.20000000e+01  1.26228996e+02  2.20000000e+01 -1.18400000e-04 
 2.30000000e+01  3.50704454e-07  2.30000000e+01  1.26228996e+02  2.30000000e+01 -1.18400000e-04 
 2.40000000e+01  3.50704454e-07  2.40000000e+01  1.26228996e+02  2.40000000e+01 -1.18400000e-04 
 2.50000000e+01  3.50704454e-07  2.50000000e+01  1.26228996e+02  2.50000000e+01 -1.18400000e-04 
 2.60000000e+01  3.50704454e-07  2.60000000e+01  1.26228996e+02  2.60000000e+01 -1.18400000e-04 
 2.70000000e+01  3.50704454e-07  2.70000000e+01  1.26228996e+02  2.70000000e+01 -1.18400000e-04 
 2.80000000e+01  3.50704454e-07  2.80000000e+01  1.26228996e+02  2.80000000e+01 -1.18400000e-04 
 2.90000000e+01  3.50704454e-07  2.90000000e+01  1.26228996e+02  2.90000000e+01 -1.18400000e-04 
 3.00000000e+01  3.50704454e-07  3.00000000e+01  1.26228996e+02  3.00000000e+01 -1.18400000e-04 
 3.10000000e+01  3.50704454e-07  3.10000000e+01  1.26228996e+02  3.10000000e+01 -1.18400000e-04 
 3.20000000e+01  3.50704454e-07  3.20000000e+01  1.26228996e+02  3.20000000e+01 -1.18400000e-04 
 3.30000000e+01  3.50704454e-07  3.30000000e+01  1.26228996e+02  3.30000000e+01 -1.18400000e-04 
 3.40000000e+01  3.50704454e-07  3.40000000e+01  1.26228996e+02  3.40000000e+01 -1.18400000e-04 
 3.50000000e+01  3.50704454e-07  3.50000000e+01  1.26228996e+02  3.50000000e+01 -1.18400000e-04 
 3.60000000e+01  3.50704454e-07  3.60000000e+01  1.26228996e+02  3.60000000e+01 -1.18400000e-04 
 3.70000000e+01  3.50704454e-07  3.70000000e+01  1.26228996e+02  3.70000000e+01 -1.18400000e-04 
 3.80000000e+01  3.50704454e-07  3.80000000e+01  1.26228996e+02  3.80000000e+01 -1.18400000e-04 
 3.90000000e+01  3.50704454e-07  3.90000000e+01  1.26228996e+02  3.90000000e+01 -1.18400000e-04 
 4.00000000e+01  3.50704454e-07  4.00000000e+01  1.26228996e+02  4.00000000e+01 -1.18400000e-04 
 4.10000000e+01  3.50704454e-07  4.10000000e+01  1.26228996e+02  4.10000000e+01 -1.18400000e-04 
 4.20000000e+01  3.50704454e-07  4.20000000e+01  1.26228996e+02  4.20000000e+01 -1.18400000e-04 
 4.30000000e+01  3.50704454e-07  4.30000000e+01  1.26228996e+02  4.30000000e+01 -1.18400000e-04 
 4.40000000e+01  3.50704454e-07  4.40000000e+01  1.26228996e+02  4.40000000e+01 -1.18400000e-04 
 4.50000000e+01  3.50704454e-07  4.50000000e+01  1.26228996e+02  4.50000000e+01 -1.18400000e-04 
 4.60000000e+01  3.50704454e-07  4.60000000e+01  1.26228996e+02  4.60000000e+01 -1.18400000e-04 
 4.70000000e+01  3.50704454e-07  4.70000000e+01  1.26228996e+02  4.70000000e+01 -1.18400000e-04 
 4.80000000e+01  3.50704454e-07  4.80000000e+01  1.26228996e+02  4.80000000e+01 -1.18400000e-04 
 4.90000000e+01  3.50704454e-07  4.90000000e+01  1.26228996e+02  4.90000000e+01 -1.18400000e-04 
 5.00000000e+01  3.50704454e-07  5.00000000e+01  1.26228996e+02  5.00000000e+01 -1.18400000e-04 
 5.10000000e+01  3.50704454e-07  5.10000000e+01  1.26228996e+02  5.10000000e+01 -1.18400000e-04 
 5.20000000e+01  3.50704454e-07  5.20000000e+01  1.26228996e+02  5.20000000e+01 -1.18400000e-04 
 5.30000000e+01  3.50704454e-07  5.30000000e+01  1.26228996e+02  5.30000000e+01 -1.18400000e-04 
 5.40000000e+01  3.50704454e-07  5.40000000e+01  1.26228996e+02  5.40000000e+01 -1.18400000e-04 
 5.50000000e+01  3.50704454e-07  5.50000000e+01  1.26228996e+02  5.50000000e+01 -1.18400000e-04 
 5.60000000e+01  3.50704454e-07  5.60000000e+01  1.26228996e+02  5.60000000e+01 -1.18400000e-04 
 5.70000000e+01  3.50704454e-07  5.70000000e+01  1.26228996e+02  5.70000000e+01 -1.18400000e-04 
 5.80000000e+01  3.50704454e-07  5.80000000e+01  1.26228996e+02  5.80000000e+01 -1.18400000e-04 
 5.90000000e+01  3.50704454e-07  5.90000000e+01  1.26228996e+02  5.90000000e+01 -1.18400000e-04 
 6.00000000e+01  3.50704454e-07  6.00000000e+01  1.26228996e+02  6.00000000e+01 -1.18400000e-04 
 6.10000000e+01  3.50704454e-07  6.10000000e+01  1.26228996e+02  6.10000000e+01 -1.18400000e-04 
 6.20000000e+01  3.50704454e-07  6.20000000e+01  1.26228996e+02  6.20000000e+01 -1.18400000e-04 
 6.30000000e+01  3.50704454e-07  6.30000000e+01  1.26228996e+02  6.30000000e+01 -1.18400000e-04 
 6.40000000e+01  3.50704454e-07  6.40000000e+01  1.26228996e+02  6.40000000e+01 -1.18400000e-04 
 6.50000000e+01  3.50704454e-07  6.50000000e+01  1.26228996e+02  6.50000000e+01 -1.18400000e-04 
 6.60000000e+01  3.50704454e-07  6.60000000e+01  1.26228996e+02  6.60000000e+01 -1.18400000e-04 
 6.70000000e+01  3.50704454e-07  6.70000000e+01  1.26228996e+02  6.70000000e+01 -1.18400000e-04 
 6.80000000e+01  3.50704454e-07  6.80000000e+01  1.26228996e+02  6.80000000e+01 -1.18400000e-04 
 6.90000000e+01  3.50704454e-07  6.90000000e+01  1.26228996e+02  6.90000000e+01 -1.18400000e-04 
 7.00000000e+01  3.50704454e-07  7.00000000e+01  1.26228996e+02  7.00000000e+01 -1.18400000e-04 
 7.10000000e+01  3.50704454e-07  7.10000000e+01  1.26228996e+02  7.10000000e+01 -1.18400000e-04 
 7.20000000e+01  3.50704454e-07  7.20000000e+01  1.26228996e+02  7.20000000e+01 -1.18400000e-04 
 7.30000000e+01  3.50704454e-07  7.30000000e+01  1.26228996e+02  7.30000000e+01 -1.18400000e-04 
 7.40000000e+01  3.50704454e-07  7.40000000e+01  1.26228996e+02  7.40000000e+01 -1.18400000e-04 
 7.50000000e+01  3.50704454e-07  7.50000000e+01  1.26228996e+02  7.50000000e+01 -1.18400000e-04 
 7.60000000e+01  3.50704454e-07  7.60000000e+01  1.26228996e+02  7.60000000e+01 -1.18400000e-04 
 7.70000000e+01  3.50704454e-07  7.70000000e+01  1.26228996e+02  7.70000000e+01 -1.18400000e-04 
 7.80000000e+01  3.50704454e-07  7.80000000e+01  1.26228996e+02  7.80000000e+01 -1.18400000e-04 
 7.90000000e+01  3.50704454e-07  7.90000000e+01  1.26228996e+02  7.90000000e+01 -1.18400000e-04 
 8.00000000e+01  3.50704454e-07  8.00000000e+01  1.26228996e+02  8.00000000e+01 -1.18400000e-04 
 8.10000000e+01  3.50704454e-07  8.10000000e+01  1.26228996e+02  8.10000000e+01 -1.18400000e-04 
 8.20000000e+01  3.50704454e-07  8.20000000e+01  1.26228996e+02  8.20000000e+01 -1.18400000e-04 
 8.30000000e+01  3.50704454e-07  8.30000000e+01  1.26228996e+02  8.30000000e+01 -1.18400000e-04 
 8.40000000e+01  3.50704454e-07  8.40000000e+01  1.26228996e+02  8.40000000e+01 -1.18400000e-04 
 8.50000000e+01  3.50704454e-07  8.50000000e+01  1.26228996e+02  8.50000000e+01 -1.18400000e-04 
 8.60000000e+01  3.50704454e-07  8.60000000e+01  1.26228996e+02  8.60000000e+01 -1.18400000e-04 
 8.70000000e+01  3.50704454e-07  8.70000000e+01  1.26228996e+02  8.70000000e+01 -1.18400000e-04 
 8.80000000e+01  3.50704454e-07  8.80000000e+01  1.26228996e+02  8.80000000e+01 -1.18400000e-04 
 8.90000000e+01  3.50704454e-07  8.90000000e+01  1.26228996e+02  8.90000000e+01 -1.18400000e-04 
 9.00000000e+01  3.50704454e-07  9.00000000e+01  1.26228996e+02  9.00000000e+01 -1.18400000e-04 
 9.10000000e+01  3.50704454e-07  9.10000000e+01  1.26228996e+02  9.10000000e+01 -1.18400000e-04 
 9.20000000e+01  3.50704454e-07  9.20000000e+01  1.26228996e+02  9.20000000e+01 -1.18400000e-04 
 9.30000000e+01  3.50704454e-07  9.30000000e+01  1.26228996e+02  9.30000000e+01 -1.18400000e-04 
 9.40000000e+01  3.50704454e-07  9.40000000e+01  1.26228996e+02  9.40000000e+01 -1.18400000e-04 
 9.50000000e+01  3.50704454e-07  9.50000000e+01  1.26228996e+02  9.50000000e+01 -1.18400000e-04 
 9.60000000e+01  3.50704454e-07  9.60000000e+01  1.26228996e+02  9.60000000e+01 -1.18400000e-04 
 9.70000000e+01  3.50704454e-07  9.70000000e+01  1.26228996e+02  9.70000000e+01 -1.18400000e-04 
 9.80000000e+01  3.50704454e-07  9.80000000e+01  1.26228996e+02  9.80000000e+01 -1.18400000e-04 
 9.90000000e+01  3.50704454e-07  9.90000000e+01  1.26228996e+02  9.90000000e+01 -1.18400000e-04 
 1.00000000e+02  3.50704454e-07  1.00000000e+02  1.26228996e+02  1.00000000e+02 -1.18400000e-04 
 1.01000000e+02  3.50704454e-07  1.01000000e+02  1.26228996e+02  1.01000000e+02 -1.18400000e-04 
 1.02000000e+02  3.50704454e-07  1.02000000e+02  1.26228996e+02  1.02000000e+02 -1.18400000e-04 
 1.03000000e+02  3.50704454e-07  1.03000000e+02  1.26228996e+02  1.03000000e+02 -1.18400000e-04 
 1.04000000e+02  3.50704454e-07  1.04000000e+02  1.26228996e+02  1.04000000e+02 -1.18400000e-04 
 1.05000000e+02  3.50704454e-07  1.05000000e+02  1.26228996e+02  1.05000000e+02 -1.18400000e-04 
 1.06000000e+02  3.50704454e-07  1.06000000e+02  1.26228996e+02  1.06000000e+02 -1.18400000e-04 
 1.07000000e+02  3.50704454e-07  1.07000000e+02  1.26228996e+02  1.07000000e+02 -1.18400000e-04 
 1.08000000e+02  3.50704454e-07  1.08000000e+02  1.26228996e+02  1.08000000e+02 -1.18400000e-04 
 1.09000000e+02  3.50704454e-07  1.09000000e+02  1.26228996e+02  1.09000000e+02 -1.18400000e-04 
 1.10000000e+02  3.50704454e-07  1.10000000e+02  1.26228996e+02  1.10000000e+02 -1.18400000e-04 
 1.11000000e+02  3.50704454e-07  1.11000000e+02  1.26228996e+02  1.11000000e+02 -1.18400000e-04 
 1.12000000e+02  3.50704454e-07  1.12000000e+02  1.26228996e+02  1.12000000e+02 -1.18400000e-04 
 1.13000000e+02  3.50704454e-07  1.13000000e+02  1.26228996e+02  1.13000000e+02 -1.18400000e-04 
 1.14000000e+02  3.50704454e-07  1.14000000e+02  1.26228996e+02  1.14000000e+02 -1.18400000e-04 
 1.15000000e+02  3.50704454e-07  1.15000000e+02  1.26228996e+02  1.15000000e+02 -1.18400000e-04 
 1.16000000e+02  3.50704454e-07  1.16000000e+02  1.26228996e+02  1.16000000e+02 -1.18400000e-04 
 1.17000000e+02  3.50704454e-07  1.17000000e+02  1.26228996e+02  1.17000000e+02 -1.18400000e-04 
 1.18000000e+02  3.50704454e-07  1.18000000e+02  1.26228996e+02  1.18000000e+02 -1.18400000e-04 
 1.19000000e+02  3.50704454e-07  1.19000000e+02  1.26228996e+02  1.19000000e+02 -1.18400000e-04 
 1.20000000e+02  3.50704454e-07  1.20000000e+02  1.26228996e+02  1.20000000e+02 -1.18400000e-04 
 1.21000000e+02  3.50704454e-07  1.21000000e+02  1.26228996e+02  1.21000000e+02 -1.18400000e-04 
 1.22000000e+02  3.50704454e-07  1.22000000e+02  1.26228996e+02  1.22000000e+02 -1.18400000e-04 
 1.23000000e+02  3.50704454e-07  1.23000000e+02  1.26228996e+02  1.23000000e+02 -1.18400000e-04 
 1.24000000e+02  3.50704454e-07  1.24000000e+02  1.26228996e+02  1.24000000e+02 -1.18400000e-04 
 1.25000000e+02  3.50704454e-07  1.25000000e+02  1.26228996e+02  1.25000000e+02 -1.18400000e-04 
